$ANSIBLE_VAULT;1.1;AES256
39663664616532383937353431383664626434343032303934653637313661636130303031396532
6163343035356539656232643730353133656334656563630a323338316261623162376361643637
61323962383734396463613834303865313362393431663339306262626337643264373138663831
3864386630653464640a623439323636616137373663393730356461656634396237613630653039
34636331656132653339343438346630653930656633393237306661363766636230653062346138
63646230356636323863663838653230663735336166393631353230346266316131643662356539
66336364656664393165643266383238313137313435343439386339653962626233383366636239
37663462323436643831366362366263336563316364653531393034623239323431323831353736
65333830643333343965623732373762656237653962363439663161333465333065356463333931
35653134666534323739666638346564636433646639383631373738323861333064643632383937
39353166386366336362633438663663376335643433626162643433666461366534326636646436
37636330336533633836373564656262383834636533343061383833366337353766303233386236
30313233386562393230306138353961313332316336663637346236303163653964326563353935
63643237343632396464376436303533386235643231343235326139643338613563643538653865
62633838393961363734383837366130303031353239646362323034373538313637313866316131
39306436313138633031373138306230663564633938613364386431386261303538323461323236
61313532363365643533333630643861383531333736663635333334323435353034373162346336
38613664613361383730346438626565656161613936623866656237633135626165303238313035
34343335313134306263643564656563306638646530393262356366363431333435396531353930
31646436383133616261386235316234343637343337366663663739653261393939343766316462
33303464653166363437333862343735366237636634316532626161326232366537326130326530
31626333353237376265323933383664616264333136366439343362353333303734656561376530
35353331373332616137663436316164663937653533366266336631323430383765613537373737
30653437383431646165626436653532323535333937396265373961343231366639646534626430
63373731656230313166653665623366663632643138643935323763643262326564373231656365
35633839323361386361346632623338656263616466313138373737663562613639363638326430
36303531333861366333646430386664663435333934653837313563653261316436323433623237
37326666333731343937343037366338656230646465353938613066306533336431303562613566
39663963303961393531303534343262323739626666613539396239386433386330313938656263
35313938613938656430343336373334313635326636363437356562333032373762646664626238
35366332373864376439373461633834626336623430343930386462636239313038333463633334
32343161336166663838336236613837333261306233356131643930303861343763356432316263
65353133306238313832313630633535316662336537333332663736356135356563633036363834
32313038363136663633366330643338316137666437323063383937336461353566343766633063
61343832373365333663326430633938326366306232303866333662656536333336613634613633
38323139373037366666623236366639663563623435303034376632613863386136643235353736
39373234353563353532306334633333323863663130313830346365326566643762343461353164
31346134356139306437343535316162343330663330366663363638353361333635333939353037
39316466336266623933656164653536663965333537656463373562366661666535353339363835
35353137383937616431383066613130626366623465393036313530663566653632663437313135
36383936333933626162663165643931343035333166306439303832633665356665333330353164
37663139653734353937653337636230326537396566346161626636633963653562663761376231
33653830303963663939393538333639363265313537303864393266666137333638653535336436
33623032376233323732323232643238363437656164383865643632613565376561643334393633
65356231663336653261646563363439393763356232636539636664323361363161633762306661
37643966666562326230633262303734383361343532623039663737633233336164666665386531
38623831316636616639656239343432393262316638363864336565633964393837363339623633
32386430356165363739
