$ANSIBLE_VAULT;1.1;AES256
34616435623161623931376130393635666265636561643839303333306133643731373134383138
3139393232613237353235393139633934323262396231650a303732653433326132613533383239
34633539643538326632356533353063616466326234623032316533623030663865626633633661
6363656265303137390a623036626362306562626664663663353731643739653830303531663034
31323233303237326433656638633364383836663465333266346363303630313439646536313161
34653561383739656138303930656536343630623264393236636534623532346436323835666366
34373236653434393934643138383166376333343531663037633761353631653430616639626463
36373635386530313330663631616431366530386134666235333236306330373132643537306466
66666636396262316235373736613664633332346633313066623364373963353135623435626538
35633765373463646630323538613166393438343062366535393236363730363133313039363439
62343361353961653130363834616430303437613030343332343263366630663833393634306365
62393163616631316264373265386232393433303861343764386134333133323463623864363530
65633038643065313630633565306331316166393231353634356335313565636566616462333833
38316434313435643763376630353765333334346137303635643932303335646364383838656437
65393531326138663162653563323134653630623564336164353632666365353235323934626334
33666363343539313532306238336136646634343731613634303739303036346234663839373966
33393161383565326635306438393631633137633734313536373835623031306362653761333639
35643338623431613638663765643136643631623961663863373235343433386330663761633330
61313238363031393032396634373961383165636166623534393664613837386564663433343064
34353237613437633934633039666361363537323033633338393063373730623133623062313464
37663939643430356261643866333364306263613833316661386435313361653034346162313166
62333839363730313865613363663531343862393066363138643035626466303434366136353031
39653463373830633731316466353036333731643131656235323661396565326362393766336164
30366334393236643933
